Model F1 Jaccard lDDToligo TMscore DockQ_Avg
H1114TS350_1 66.1 0.68 0.854 0.206 0.432
H1114TS350_3 66.1 0.68 0.854 0.206 0.432
H1114TS003_1 65.3 0.67 0.850 0.258 0.432
H1114TS350_2 59.8 0.67 0.765 0.183 0.425
H1114TS367_1 65.4 0.68 0.849 0.249 0.430
H1114TS003_2 65.3 0.67 0.849 0.251 0.427
H1114TS367_2 65.2 0.67 0.848 0.279 0.431
H1114TS494_1 81.2 0.82 0.868 0.939 0.689
H1114TS439_5 83.9 0.85 0.887 0.973 0.716
H1114TS439_1 84.1 0.85 0.885 0.975 0.704
H1114TS494_3 81.8 0.83 0.866 0.935 0.679
H1114TS494_4 80.3 0.82 0.866 0.865 0.626
H1114TS494_2 80.3 0.82 0.866 0.903 0.603
H1114TS439_4 82.3 0.83 0.885 0.908 0.602
H1114TS439_2 82.1 0.83 0.884 0.833 0.593
H1114TS439_3 82.2 0.83 0.882 0.773 0.585
H1114TS248_3 79.2 0.80 0.842 0.883 0.527
H1114TS304_3 79.2 0.80 0.842 0.883 0.527
H1114TS119_1 74.5 0.77 0.766 0.914 0.628
H1114TS046_1 77.1 0.77 0.835 0.882 0.512
H1114TS304_1 77.1 0.77 0.835 0.882 0.512
H1114TS248_1 77.1 0.77 0.835 0.882 0.512
H1114TS035_1 77.1 0.77 0.835 0.882 0.512
H1114TS119_2 75.8 0.78 0.825 0.912 0.661
H1114TS119_3 75.6 0.76 0.826 0.912 0.662
H1114TS119_5 75.0 0.77 0.825 0.913 0.654
H1114TS119_4 75.9 0.77 0.826 0.913 0.656
H1114TS185_5 54.0 0.58 0.790 0.306 0.352
H1114TS091_3 56.0 0.62 0.725 0.243 0.386
H1114TS185_3 53.8 0.59 0.795 0.273 0.352
H1114TS185_1 53.4 0.58 0.788 0.249 0.350
H1114TS185_4 53.4 0.58 0.791 0.342 0.351
H1114TS348_4 76.1 0.77 0.853 0.620 0.391
H1114TS091_2 52.7 0.59 0.718 0.669 0.322
H1114TS125_4 69.0 0.70 0.866 0.459 0.484
H1114TS054_4 69.0 0.70 0.866 0.459 0.484
H1114TS399_4 69.0 0.70 0.866 0.459 0.484
H1114TS348_1 77.9 0.80 0.858 0.877 0.412
H1114TS298_4 67.9 0.74 0.855 0.544 0.466
H1114TS360_4 67.9 0.74 0.855 0.544 0.466
H1114TS298_3 67.8 0.69 0.856 0.325 0.463
H1114TS360_3 67.8 0.69 0.856 0.325 0.463
H1114TS374_4 82.9 0.85 0.856 0.931 0.708
H1114TS374_3 81.6 0.84 0.852 0.909 0.625
H1114TS147_1 79.5 0.80 0.849 0.694 0.444
H1114TS374_1 82.2 0.85 0.848 0.908 0.662
H1114TS374_2 81.7 0.84 0.852 0.864 0.632
H1114TS374_5 81.9 0.85 0.850 0.887 0.662
H1114TS054_3 69.0 0.71 0.846 0.273 0.483
H1114TS185_2 53.5 0.58 0.790 0.410 0.310
H1114TS169_2 67.7 0.69 0.847 0.336 0.437
H1114TS098_5 67.7 0.69 0.847 0.336 0.437
H1114TS188_5 67.8 0.69 0.847 0.336 0.437
H1114TS125_3 69.0 0.71 0.846 0.273 0.483
H1114TS399_3 69.0 0.71 0.846 0.273 0.483
H1114TS352_1 63.8 0.67 0.842 0.661 0.352
H1114TS352_3 63.8 0.67 0.842 0.661 0.352
H1114TS338_2 63.8 0.67 0.842 0.661 0.352
H1114TS460_1 63.8 0.67 0.842 0.661 0.352
H1114TS150_1 63.8 0.67 0.842 0.661 0.352
H1114TS338_5 63.8 0.67 0.842 0.661 0.352
H1114TS460_2 63.8 0.67 0.842 0.661 0.352
H1114TS338_1 63.8 0.67 0.842 0.661 0.352
H1114TS338_4 63.8 0.67 0.842 0.661 0.352
H1114TS460_3 63.8 0.67 0.842 0.661 0.352
H1114TS352_5 63.8 0.67 0.842 0.661 0.352
H1114TS352_4 63.8 0.67 0.842 0.661 0.352
H1114TS352_2 63.8 0.67 0.842 0.661 0.352
H1114TS460_4 63.8 0.67 0.842 0.661 0.352
H1114TS338_3 63.8 0.67 0.842 0.661 0.352
H1114TS460_5 63.8 0.67 0.842 0.661 0.352
H1114TS091_4 54.1 0.61 0.720 0.725 0.340
H1114TS348_5 76.4 0.77 0.838 0.594 0.378
H1114TS180_1 80.8 0.84 0.800 0.928 0.665
H1114TS091_5 52.8 0.59 0.716 0.711 0.325
H1114TS091_1 54.5 0.59 0.726 0.735 0.344
H1114TS348_2 77.5 0.80 0.855 0.890 0.399
H1114TS298_2 67.8 0.69 0.854 0.309 0.463
H1114TS360_2 67.8 0.69 0.854 0.309 0.463
H1114TS320_1 67.1 0.69 0.834 0.322 0.434
H1114TS360_1 67.8 0.73 0.852 0.329 0.467
H1114TS444_1 58.3 0.60 0.807 0.224 0.410
H1114TS298_1 67.8 0.73 0.852 0.329 0.467
H1114TS320_3 64.9 0.66 0.831 0.337 0.411
H1114TS046_2 75.9 0.78 0.818 0.860 0.494
H1114TS035_2 75.9 0.78 0.818 0.860 0.494
H1114TS035_3 75.5 0.78 0.822 0.867 0.495
H1114TS046_3 75.5 0.78 0.822 0.867 0.495
H1114TS035_5 76.1 0.78 0.821 0.858 0.495
H1114TS046_5 76.1 0.78 0.821 0.858 0.495
H1114TS046_4 76.0 0.77 0.826 0.803 0.479
H1114TS035_4 76.0 0.77 0.826 0.803 0.479
H1114TS444_4 58.3 0.60 0.806 0.439 0.414
H1114TS444_5 58.4 0.60 0.804 0.439 0.416
H1114TS257_1 52.1 0.64 0.714 0.860 0.438
H1114TS205_4 56.0 0.58 0.800 0.159 0.177
H1114TS205_3 56.0 0.58 0.800 0.159 0.177
H1114TS205_5 56.0 0.58 0.800 0.159 0.177
H1114TS205_2 56.0 0.58 0.800 0.159 0.177
H1114TS205_1 56.0 0.58 0.800 0.159 0.177
H1114TS320_4 63.6 0.68 0.809 0.333 0.393
H1114TS360_5 67.8 0.69 0.829 0.431 0.467
H1114TS298_5 67.8 0.69 0.829 0.431 0.467
H1114TS399_1 69.4 0.74 0.855 0.723 0.468
H1114TS054_1 69.4 0.74 0.855 0.723 0.468
H1114TS125_1 69.4 0.74 0.855 0.723 0.468
H1114TS150_3 67.4 0.74 0.851 0.836 0.470
H1114TS348_3 74.6 0.77 0.819 0.427 0.371
H1114TS248_2 56.7 0.62 0.711 0.856 0.200
H1114TS304_2 56.7 0.62 0.711 0.856 0.200
H1114TS248_4 57.0 0.62 0.707 0.856 0.201
H1114TS304_4 57.0 0.62 0.707 0.856 0.201
H1114TS320_5 64.8 0.67 0.807 0.386 0.426
H1114TS225_1 66.5 0.69 0.782 0.319 0.438
H1114TS054_2 47.5 0.48 0.832 0.226 0.165
H1114TS399_2 47.5 0.48 0.832 0.226 0.165
H1114TS125_2 47.5 0.48 0.832 0.226 0.165
H1114TS248_5 56.3 0.62 0.708 0.847 0.218
H1114TS304_5 56.3 0.62 0.708 0.847 0.218
H1114TS399_5 65.3 0.67 0.833 0.432 0.361
H1114TS125_5 65.3 0.67 0.833 0.432 0.361
H1114TS054_5 65.3 0.67 0.833 0.432 0.361
H1114TS444_3 56.2 0.61 0.791 0.268 0.417
H1114TS444_2 56.2 0.61 0.791 0.435 0.418
H1114TS150_2 67.9 0.73 0.809 0.634 0.438
H1114TS169_3 42.6 0.47 0.746 0.346 0.401
H1114TS098_4 42.6 0.47 0.746 0.346 0.401
H1114TS098_2 42.6 0.47 0.746 0.346 0.401
H1114TS169_5 42.6 0.47 0.746 0.346 0.401
H1114TS188_2 42.6 0.47 0.746 0.346 0.401
H1114TS098_3 42.6 0.47 0.746 0.346 0.401
H1114TS098_1 42.6 0.47 0.745 0.351 0.401
H1114TS169_4 42.6 0.47 0.745 0.351 0.401
H1114TS150_4 61.2 0.64 0.767 0.435 0.335
H1114TS150_5 62.0 0.66 0.751 0.691 0.344
H1114TS092_1 63.4 0.67 0.725 0.470 0.407
H1114TS169_1 35.7 0.40 0.712 0.333 0.324
H1114TS188_1 35.7 0.40 0.712 0.333 0.324
H1114TS188_3 35.7 0.40 0.711 0.363 0.336
H1114TS188_4 35.7 0.45 0.710 0.363 0.333
H1114TS494_5 34.4 0.35 0.746 0.638 0.404
H1114TS165_1 22.0 0.34 0.451 0.252 0.159
H1114TS320_2 68.4 0.70 0.659 0.300 0.467
H1114TS456_5 67.1 0.70 0.658 0.319 0.412
H1114TS347_2 67.1 0.70 0.658 0.319 0.412
H1114TS325_3 67.1 0.70 0.658 0.319 0.412
H1114TS325_1 67.1 0.70 0.658 0.319 0.412
H1114TS347_4 67.1 0.70 0.658 0.319 0.412
H1114TS456_3 67.1 0.70 0.658 0.319 0.412
H1114TS456_2 67.1 0.70 0.658 0.319 0.412
H1114TS456_4 67.1 0.70 0.658 0.319 0.412
H1114TS347_3 67.1 0.70 0.658 0.319 0.412
H1114TS347_5 67.1 0.70 0.658 0.319 0.412
H1114TS325_5 67.1 0.70 0.658 0.319 0.412
H1114TS325_4 67.1 0.70 0.658 0.319 0.412
H1114TS456_1 67.1 0.70 0.658 0.319 0.412
H1114TS325_2 67.1 0.70 0.658 0.319 0.412
H1114TS278_1 17.1 0.17 0.217 0.244 0.804
H1114TS367_3 17.1 0.18 0.270 0.108 0.452
H1114TS131_2 16.9 0.17 0.217 0.244 0.752
H1114TS278_5 16.9 0.17 0.214 0.244 0.756
H1114TS086_4 17.2 0.17 0.218 0.244 0.727
H1114TS158_1 17.2 0.17 0.218 0.244 0.727
H1114TS131_1 16.9 0.17 0.217 0.244 0.752
H1114TS131_3 16.9 0.17 0.217 0.244 0.752
H1114TS131_4 16.9 0.17 0.217 0.244 0.752
H1114TS131_5 16.9 0.17 0.217 0.244 0.752
H1114TS390_4 17.1 0.17 0.215 0.244 0.731
H1114TS086_3 17.0 0.17 0.217 0.244 0.723
H1114TS158_2 17.0 0.17 0.217 0.244 0.723
H1114TS367_4 16.8 0.17 0.218 0.244 0.690
H1114TS158_3 16.8 0.17 0.218 0.244 0.690
H1114TS423_5 17.1 0.17 0.215 0.244 0.719
H1114TS278_3 16.5 0.17 0.212 0.244 0.749
H1114TS086_1 16.8 0.17 0.218 0.244 0.690
H1114TS003_3 16.8 0.17 0.269 0.203 0.481
H1114TS003_4 16.8 0.17 0.218 0.244 0.690
H1114TS367_5 16.8 0.17 0.214 0.244 0.674
H1114TS086_2 16.8 0.17 0.214 0.244 0.674
H1114TS158_4 16.8 0.17 0.214 0.244 0.674
H1114TS003_5 16.8 0.17 0.214 0.244 0.674
H1114TS390_2 16.8 0.17 0.214 0.244 0.674
H1114TS199_1 16.7 0.17 0.213 0.244 0.677
H1114TS390_1 16.7 0.17 0.213 0.244 0.677
H1114TS132_1 15.9 0.16 0.106 0.244 0.648
H1114TS423_2 16.2 0.17 0.211 0.244 0.655
H1114TS347_1 16.7 0.17 0.213 0.244 0.677
H1114TS390_3 16.7 0.17 0.214 0.244 0.648
H1114TS180_4 17.6 0.18 0.209 0.248 0.523
H1114TS086_5 16.3 0.17 0.215 0.244 0.714
H1114TS462_4 17.6 0.18 0.209 0.248 0.523
H1114TS071_3 16.5 0.17 0.214 0.244 0.707
H1114TS158_5 16.3 0.17 0.215 0.244 0.714
H1114TS423_3 15.9 0.16 0.213 0.244 0.636
H1114TS071_2 16.4 0.17 0.214 0.244 0.680
H1114TS390_5 16.2 0.16 0.213 0.244 0.643
H1114TS462_3 17.5 0.18 0.207 0.248 0.527
H1114TS180_3 17.5 0.18 0.207 0.248 0.527
H1114TS462_1 17.4 0.18 0.207 0.246 0.517
H1114TS180_2 17.5 0.18 0.209 0.246 0.521
H1114TS462_2 17.5 0.18 0.209 0.246 0.521
H1114TS423_1 16.0 0.17 0.214 0.244 0.604
H1114TS278_2 14.8 0.15 0.209 0.245 0.692
H1114TS071_1 16.1 0.16 0.212 0.244 0.616
H1114TS278_4 15.9 0.16 0.209 0.246 0.617
H1114TS423_4 15.5 0.16 0.212 0.244 0.590
H1114TS071_4 15.6 0.16 0.210 0.244 0.582
H1114TS071_5 15.4 0.16 0.211 0.243 0.612
H1114TS462_5 9.4 0.09 0.193 0.232 0.347
H1114TS180_5 9.4 0.09 0.193 0.232 0.347
H1114TS187_1 6.0 0.06 0.104 0.124 0.743
H1114TS187_3 6.3 0.06 0.106 0.124 0.751
H1114TS187_4 6.3 0.06 0.105 0.124 0.730
H1114TS245_1 5.9 0.06 0.104 0.125 0.776
H1114TS385_1 5.9 0.06 0.104 0.125 0.776
H1114TS461_2 6.1 0.06 0.105 0.124 0.620
H1114TS446_2 6.1 0.06 0.105 0.124 0.620
H1114TS245_2 5.8 0.06 0.105 0.126 0.592
H1114TS037_2 6.0 0.06 0.105 0.124 0.605
H1114TS385_2 5.8 0.06 0.105 0.126 0.592
H1114TS385_3 5.4 0.05 0.104 0.129 0.706
H1114TS245_3 5.4 0.05 0.104 0.129 0.706
H1114TS245_5 5.8 0.06 0.104 0.126 0.613
H1114TS385_5 5.8 0.06 0.104 0.126 0.613
H1114TS187_5 5.9 0.06 0.104 0.124 0.648
H1114TS037_1 5.6 0.06 0.103 0.129 0.720
H1114TS239_3 5.7 0.06 0.104 0.124 0.543
H1114TS239_2 5.9 0.06 0.105 0.124 0.545
H1114TS385_4 5.5 0.05 0.104 0.126 0.690
H1114TS245_4 5.5 0.05 0.104 0.126 0.690
H1114TS461_3 5.8 0.06 0.101 0.124 0.589
H1114TS446_3 5.8 0.06 0.101 0.124 0.589
H1114TS239_5 5.8 0.06 0.104 0.124 0.534
H1114TS461_1 5.9 0.06 0.105 0.124 0.490
H1114TS446_1 5.9 0.06 0.105 0.124 0.490
H1114TS187_2 5.7 0.06 0.104 0.090 0.469
H1114TS037_3 5.9 0.06 0.105 0.123 0.465
H1114TS239_4 5.8 0.06 0.104 0.123 0.465
H1114TS461_4 5.8 0.06 0.104 0.123 0.463
H1114TS446_4 5.8 0.06 0.104 0.123 0.463
H1114TS446_5 5.9 0.06 0.104 0.123 0.450
H1114TS461_5 5.9 0.06 0.104 0.123 0.450
H1114TS433_3 5.1 0.05 0.100 0.131 0.795
H1114TS441_2 5.4 0.05 0.100 0.130 0.397
H1114TS433_2 5.4 0.05 0.100 0.130 0.397
H1114TS441_3 5.1 0.05 0.100 0.131 0.795
H1114TS433_4 5.4 0.05 0.100 0.130 0.396
H1114TS433_1 5.5 0.06 0.099 0.130 0.795
H1114TS441_1 5.5 0.06 0.099 0.130 0.795
H1114TS441_4 5.4 0.05 0.100 0.130 0.396
H1114TS441_5 4.6 0.05 0.095 0.129 0.376
H1114TS215_1 5.6 0.06 0.098 0.128 0.392
H1114TS433_5 4.6 0.05 0.095 0.129 0.376
H1114TS234_4 0.4 0.08 0.261 0.170 0.006
H1114TS234_5 0.4 0.08 0.261 0.131 0.007
H1114TS234_1 0.4 0.09 0.256 0.227 0.007
H1114TS234_2 0.4 0.07 0.255 0.154 0.006
H1114TS234_3 0.4 0.09 0.255 0.136 0.006
H1114TS333_2 0.0 0.00 0.042 0.070 0.000
H1114TS368_3 0.0 0.00 0.039 0.069 0.000
H1114TS368_4 0.0 0.00 0.043 0.070 0.000
H1114TS288_5 0.0 0.00 0.009 0.051 0.008
H1114TS288_2 0.0 0.00 0.009 0.059 0.007
H1114TS288_1 0.0 0.00 0.009 0.059 0.006
H1114TS333_5 0.0 0.00 0.042 0.070 0.000
H1114TS333_3 0.0 0.00 0.039 0.069 0.000
H1114TS288_3 0.0 0.01 0.009 0.059 0.006
H1114TS368_2 0.0 0.00 0.042 0.070 0.000
H1114TS288_4 0.0 0.00 0.009 0.053 0.006
H1114TS368_5 0.0 0.00 0.042 0.070 0.000
H1114TS333_4 0.0 0.00 0.043 0.070 0.000
H1135TS444_5 60.1 0.59 0.813 0.831 0.430
H1135TS444_3 62.1 0.61 0.815 0.832 0.440
H1135TS444_1 61.6 0.60 0.814 0.833 0.436
H1135TS086_1 59.0 0.55 0.811 0.728 0.387
H1135TS320_2 57.3 0.53 0.815 0.648 0.362
H1135TS374_2 59.9 0.56 0.834 0.465 0.397
H1135TS086_5 59.9 0.56 0.806 0.459 0.385
H1135TS374_4 59.8 0.56 0.833 0.527 0.395
H1135TS374_5 60.0 0.56 0.840 0.694 0.384
H1135TS374_1 59.8 0.56 0.833 0.693 0.388
H1135TS158_2 60.0 0.57 0.805 0.557 0.382
H1135TS086_3 59.8 0.56 0.807 0.642 0.378
H1135TS147_2 59.1 0.56 0.797 0.798 0.416
H1135TS086_2 58.9 0.56 0.806 0.666 0.376
H1135TS158_5 59.4 0.56 0.805 0.545 0.377
H1135TS374_3 59.9 0.56 0.833 0.500 0.385
H1135TS158_1 58.5 0.56 0.806 0.531 0.374
H1135TS158_3 59.0 0.56 0.806 0.624 0.374
H1135TS037_3 60.4 0.59 0.774 0.722 0.391
H1135TS158_4 59.6 0.56 0.806 0.673 0.384
H1135TS348_2 60.6 0.59 0.834 0.649 0.387
H1135TS444_2 60.1 0.61 0.813 0.831 0.411
H1135TS147_5 59.3 0.54 0.805 0.626 0.385
H1135TS444_4 59.5 0.59 0.812 0.828 0.407
H1135TS003_5 58.8 0.54 0.811 0.652 0.379
H1135TS348_5 59.2 0.57 0.827 0.760 0.393
H1135TS147_4 58.7 0.54 0.803 0.627 0.376
H1135TS003_2 59.6 0.54 0.814 0.663 0.389
H1135TS367_2 58.4 0.55 0.811 0.710 0.381
H1135TS239_5 56.3 0.55 0.825 0.694 0.381
H1135TS229_5 56.3 0.55 0.825 0.694 0.381
H1135TS003_4 57.5 0.53 0.810 0.655 0.370
H1135TS003_3 59.7 0.55 0.815 0.709 0.384
H1135TS367_3 57.9 0.53 0.812 0.660 0.371
H1135TS367_4 60.0 0.56 0.812 0.613 0.380
H1135TS367_5 58.2 0.53 0.806 0.686 0.391
H1135TS185_1 62.7 0.62 0.778 0.509 0.401
H1135TS086_4 59.8 0.58 0.805 0.732 0.377
H1135TS003_1 60.2 0.55 0.816 0.593 0.384
H1135TS367_1 60.2 0.55 0.816 0.593 0.384
H1135TS180_1 58.4 0.57 0.836 0.898 0.417
H1135TS348_4 59.8 0.57 0.832 0.765 0.366
H1135TS348_3 59.1 0.56 0.832 0.633 0.375
H1135TS147_3 60.2 0.56 0.795 0.784 0.372
H1135TS439_3 55.6 0.54 0.828 0.655 0.346
H1135TS147_1 59.5 0.57 0.796 0.786 0.372
H1135TS229_2 56.1 0.55 0.828 0.579 0.343
H1135TS239_2 56.1 0.55 0.828 0.579 0.343
H1135TS439_4 56.1 0.55 0.828 0.579 0.343
H1135TS185_4 58.8 0.58 0.771 0.786 0.355
H1135TS439_2 56.7 0.56 0.828 0.663 0.346
H1135TS037_2 60.4 0.60 0.764 0.710 0.345
H1135TS037_1 59.1 0.58 0.770 0.705 0.352
H1135TS348_1 59.3 0.59 0.820 0.644 0.367
H1135TS257_1 54.9 0.56 0.715 0.619 0.345
H1135TS439_5 58.9 0.59 0.831 0.460 0.362
H1135TS320_1 57.4 0.54 0.797 0.643 0.338
H1135TS320_3 57.4 0.54 0.797 0.643 0.338
H1135TS347_1 57.3 0.53 0.813 0.403 0.327
H1135TS456_5 57.3 0.53 0.813 0.403 0.327
H1135TS456_2 57.3 0.53 0.813 0.403 0.327
H1135TS347_5 57.3 0.53 0.813 0.403 0.327
H1135TS456_4 57.3 0.53 0.813 0.403 0.327
H1135TS325_5 57.3 0.53 0.813 0.403 0.327
H1135TS325_1 57.3 0.53 0.813 0.403 0.327
H1135TS325_4 57.3 0.53 0.813 0.403 0.327
H1135TS456_3 57.3 0.53 0.813 0.403 0.327
H1135TS325_2 57.3 0.53 0.813 0.403 0.327
H1135TS325_3 57.3 0.53 0.813 0.403 0.327
H1135TS347_2 57.3 0.53 0.813 0.403 0.327
H1135TS347_3 57.3 0.53 0.813 0.403 0.327
H1135TS347_4 57.3 0.53 0.813 0.403 0.327
H1135TS456_1 57.3 0.53 0.813 0.403 0.327
H1135TS257_2 55.8 0.54 0.717 0.625 0.328
H1135TS185_3 59.8 0.57 0.771 0.899 0.318
H1135TS229_3 54.0 0.53 0.810 0.635 0.339
H1135TS239_3 54.0 0.53 0.810 0.635 0.339
H1135TS291_4 56.0 0.56 0.752 0.748 0.379
H1135TS350_4 56.0 0.56 0.752 0.748 0.379
H1135TS150_5 56.8 0.56 0.789 0.496 0.332
H1135TS185_5 59.0 0.59 0.766 0.472 0.305
H1135TS320_4 55.9 0.51 0.778 0.640 0.310
H1135TS257_3 54.4 0.53 0.709 0.630 0.328
H1135TS150_4 58.0 0.56 0.795 0.776 0.331
H1135TS150_3 55.1 0.55 0.779 0.835 0.331
H1135TS185_2 59.8 0.57 0.765 0.898 0.325
H1135TS150_1 58.7 0.56 0.794 0.489 0.342
H1135TS150_2 57.8 0.57 0.795 0.768 0.329
H1135TS229_1 59.7 0.60 0.823 0.480 0.351
H1135TS239_1 59.7 0.60 0.823 0.480 0.351
H1135TS439_1 60.4 0.62 0.819 0.456 0.349
H1135TS399_3 68.4 0.68 0.810 0.942 0.378
H1135TS125_3 68.4 0.68 0.810 0.942 0.378
H1135TS054_3 68.4 0.68 0.810 0.942 0.378
H1135TS278_1 60.1 0.60 0.824 0.580 0.402
H1135TS257_5 53.0 0.52 0.697 0.624 0.313
H1135TS291_1 55.2 0.55 0.745 0.438 0.344
H1135TS350_1 55.2 0.55 0.745 0.438 0.344
H1135TS278_3 57.3 0.57 0.800 0.580 0.386
H1135TS320_5 50.7 0.48 0.775 0.638 0.295
H1135TS494_4 60.1 0.61 0.782 0.470 0.356
H1135TS125_4 59.8 0.61 0.757 0.858 0.364
H1135TS312_5 55.2 0.55 0.792 0.829 0.336
H1135TS054_4 59.8 0.61 0.757 0.858 0.364
H1135TS257_4 52.9 0.52 0.693 0.631 0.300
H1135TS399_4 59.8 0.61 0.757 0.858 0.364
H1135TS350_3 55.2 0.53 0.747 0.473 0.345
H1135TS291_3 55.2 0.53 0.747 0.473 0.345
H1135TS350_5 54.5 0.54 0.743 0.426 0.343
H1135TS278_2 56.7 0.58 0.819 0.577 0.353
H1135TS291_5 54.5 0.54 0.743 0.426 0.343
H1135TS234_5 49.5 0.47 0.809 0.415 0.299
H1135TS234_3 49.5 0.47 0.809 0.366 0.297
H1135TS278_4 58.4 0.58 0.802 0.570 0.367
H1135TS234_2 49.5 0.47 0.809 0.535 0.297
H1135TS278_5 57.1 0.59 0.818 0.580 0.372
H1135TS234_4 50.1 0.48 0.809 0.522 0.295
H1135TS494_3 65.9 0.66 0.810 0.918 0.347
H1135TS119_3 58.5 0.58 0.827 0.464 0.352
H1135TS399_2 52.9 0.54 0.801 0.794 0.302
H1135TS125_2 52.9 0.54 0.801 0.794 0.302
H1135TS054_2 52.9 0.54 0.801 0.794 0.302
H1135TS350_2 55.2 0.53 0.747 0.354 0.340
H1135TS291_2 55.2 0.53 0.747 0.354 0.340
H1135TS119_4 58.2 0.58 0.830 0.458 0.354
H1135TS119_5 58.0 0.58 0.829 0.453 0.353
H1135TS119_2 58.7 0.58 0.827 0.463 0.350
H1135TS312_2 55.6 0.56 0.791 0.524 0.321
H1135TS234_1 49.5 0.48 0.809 0.433 0.298
H1135TS312_1 50.2 0.52 0.791 0.589 0.324
H1135TS312_3 55.4 0.55 0.791 0.523 0.321
H1135TS125_1 60.6 0.56 0.833 0.248 0.384
H1135TS054_1 60.6 0.56 0.833 0.248 0.384
H1135TS119_1 58.1 0.58 0.828 0.454 0.353
H1135TS399_1 60.6 0.56 0.833 0.248 0.384
H1135TS098_5 41.4 0.47 0.717 0.537 0.313
H1135TS169_1 41.4 0.47 0.717 0.623 0.316
H1135TS188_3 41.4 0.47 0.717 0.623 0.316
H1135TS098_1 41.4 0.47 0.717 0.623 0.316
H1135TS035_2 47.7 0.49 0.754 0.544 0.258
H1135TS169_3 41.4 0.47 0.717 0.623 0.316
H1135TS312_4 52.0 0.53 0.790 0.409 0.335
H1135TS188_1 48.3 0.54 0.778 0.624 0.339
H1135TS169_4 48.3 0.54 0.778 0.624 0.339
H1135TS098_3 48.3 0.54 0.778 0.624 0.339
H1135TS169_2 48.3 0.54 0.778 0.624 0.339
H1135TS472_1 62.4 0.66 0.732 0.746 0.370
H1135TS248_3 42.7 0.44 0.718 0.371 0.245
H1135TS035_1 44.4 0.49 0.777 0.417 0.257
H1135TS248_1 43.1 0.48 0.732 0.420 0.240
H1135TS180_3 39.0 0.36 0.787 0.590 0.313
H1135TS248_4 45.4 0.51 0.734 0.434 0.271
H1135TS248_2 45.3 0.52 0.741 0.455 0.270
H1135TS360_3 38.3 0.35 0.774 0.508 0.291
H1135TS390_5 38.3 0.35 0.774 0.508 0.291
H1135TS390_3 37.6 0.35 0.772 0.430 0.290
H1135TS390_2 38.4 0.35 0.774 0.481 0.302
H1135TS298_2 37.3 0.34 0.776 0.614 0.268
H1135TS360_2 37.7 0.34 0.772 0.517 0.285
H1135TS298_1 37.9 0.34 0.775 0.578 0.276
H1135TS037_4 37.9 0.36 0.777 0.671 0.420
H1135TS131_2 37.1 0.33 0.775 0.399 0.277
H1135TS360_1 37.4 0.34 0.779 0.519 0.278
H1135TS446_1 38.8 0.36 0.796 0.419 0.273
H1135TS461_1 38.8 0.36 0.796 0.419 0.273
H1135TS092_1 36.8 0.34 0.752 0.426 0.256
H1135TS360_4 37.4 0.33 0.780 0.421 0.272
H1135TS298_5 37.4 0.33 0.780 0.421 0.272
H1135TS390_4 37.2 0.34 0.777 0.445 0.265
H1135TS446_3 37.6 0.34 0.793 0.499 0.263
H1135TS461_3 37.6 0.34 0.793 0.499 0.263
H1135TS446_2 37.3 0.33 0.772 0.490 0.271
H1135TS461_2 37.3 0.33 0.772 0.490 0.271
H1135TS390_1 37.2 0.33 0.780 0.524 0.277
H1135TS180_2 38.7 0.35 0.783 0.426 0.270
H1135TS188_5 37.2 0.33 0.780 0.524 0.277
H1135TS132_1 37.2 0.33 0.780 0.524 0.277
H1135TS098_2 37.2 0.33 0.780 0.524 0.277
H1135TS131_4 37.1 0.34 0.769 0.455 0.282
H1135TS360_5 36.8 0.33 0.773 0.469 0.267
H1135TS188_4 37.2 0.33 0.780 0.524 0.277
H1135TS131_5 36.0 0.32 0.772 0.362 0.254
H1135TS035_3 48.2 0.52 0.788 0.434 0.286
H1135TS298_3 37.2 0.34 0.771 0.301 0.284
H1135TS131_3 36.7 0.34 0.765 0.320 0.272
H1135TS298_4 37.0 0.34 0.770 0.395 0.271
H1135TS229_4 59.8 0.61 0.810 0.471 0.333
H1135TS239_4 59.8 0.61 0.810 0.471 0.333
H1135TS180_4 36.2 0.33 0.762 0.367 0.264
H1135TS462_1 36.4 0.33 0.758 0.422 0.245
H1135TS446_4 37.7 0.34 0.783 0.305 0.274
H1135TS461_4 37.7 0.34 0.783 0.305 0.274
H1135TS462_3 34.9 0.31 0.752 0.375 0.231
H1135TS098_4 44.4 0.50 0.756 0.622 0.314
H1135TS035_4 49.7 0.53 0.772 0.455 0.290
H1135TS188_2 44.4 0.50 0.756 0.622 0.314
H1135TS169_5 44.4 0.50 0.756 0.622 0.314
H1135TS180_5 35.5 0.32 0.760 0.301 0.256
H1135TS446_5 34.6 0.31 0.758 0.244 0.239
H1135TS461_5 34.6 0.31 0.758 0.244 0.239
H1135TS133_4 35.0 0.32 0.744 0.265 0.222
H1135TS227_4 35.0 0.32 0.744 0.265 0.222
H1135TS434_3 34.5 0.32 0.745 0.343 0.221
H1135TS133_5 33.8 0.31 0.739 0.388 0.213
H1135TS227_3 34.7 0.31 0.743 0.278 0.219
H1135TS133_3 34.7 0.31 0.743 0.278 0.219
H1135TS462_2 31.1 0.28 0.747 0.376 0.231
H1135TS434_5 35.0 0.32 0.744 0.342 0.221
H1135TS227_5 33.8 0.31 0.739 0.388 0.213
H1135TS434_1 32.6 0.29 0.747 0.346 0.214
H1135TS011_2 32.6 0.29 0.747 0.346 0.214
H1135TS248_5 41.6 0.45 0.689 0.569 0.237
H1135TS225_3 38.1 0.40 0.784 0.763 0.278
H1135TS133_1 31.3 0.28 0.746 0.194 0.205
H1135TS227_1 31.3 0.28 0.746 0.194 0.205
H1135TS225_1 37.3 0.39 0.784 0.627 0.274
H1135TS227_2 30.9 0.28 0.745 0.405 0.202
H1135TS133_2 30.9 0.28 0.745 0.405 0.202
H1135TS205_4 50.2 0.47 0.766 0.406 0.257
H1135TS225_4 37.3 0.39 0.782 0.583 0.270
H1135TS131_1 33.3 0.33 0.760 0.335 0.235
H1135TS225_5 38.0 0.40 0.783 0.799 0.272
H1135TS205_3 57.2 0.57 0.796 0.329 0.289
H1135TS011_5 29.1 0.27 0.739 0.337 0.202
H1135TS011_4 28.5 0.27 0.735 0.361 0.193
H1135TS205_5 52.9 0.50 0.789 0.325 0.253
H1135TS398_1 39.3 0.38 0.772 0.622 0.282
H1135TS225_2 33.4 0.32 0.773 0.618 0.246
H1135TS035_5 47.1 0.49 0.742 0.490 0.270
H1135TS205_1 57.2 0.56 0.796 0.252 0.289
H1135TS434_4 26.4 0.26 0.734 0.227 0.169
H1135TS205_2 53.0 0.49 0.789 0.272 0.253
H1135TS494_1 60.3 0.63 0.778 0.508 0.374
H1135TS493_3 41.9 0.43 0.758 0.267 0.265
H1135TS434_2 25.7 0.26 0.738 0.216 0.169
H1135TS399_5 36.5 0.40 0.762 0.410 0.271
H1135TS125_5 36.5 0.40 0.762 0.410 0.271
H1135TS493_5 38.8 0.44 0.744 0.269 0.233
H1135TS054_5 36.5 0.40 0.762 0.410 0.271
H1135TS493_4 39.8 0.43 0.739 0.273 0.231
H1135TS494_2 57.6 0.53 0.799 0.255 0.337
H1135TS493_1 39.8 0.44 0.742 0.267 0.215
H1135TS493_2 38.6 0.44 0.718 0.268 0.217
H1135TS165_5 40.7 0.51 0.766 0.280 0.274
H1135TS165_1 41.1 0.47 0.770 0.420 0.275
H1135TS091_5 30.2 0.45 0.667 0.468 0.205
H1135TS165_3 37.9 0.35 0.760 0.262 0.267
H1135TS091_3 27.9 0.44 0.660 0.554 0.173
H1135TS165_2 37.9 0.36 0.761 0.335 0.267
H1135TS165_4 38.1 0.36 0.764 0.339 0.281
H1135TS091_4 24.0 0.35 0.663 0.494 0.192
H1135TS091_1 21.0 0.29 0.659 0.536 0.176
H1135TS091_2 25.7 0.39 0.658 0.533 0.186
H1135TS462_4 17.5 0.18 0.698 0.220 0.118
H1135TS187_3 20.2 0.20 0.284 0.326 0.670
H1135TS423_3 20.2 0.20 0.284 0.326 0.670
H1135TS423_2 19.8 0.21 0.283 0.326 0.681
H1135TS187_2 19.8 0.21 0.283 0.326 0.681
H1135TS187_5 19.4 0.20 0.282 0.327 0.678
H1135TS423_5 19.4 0.20 0.282 0.327 0.678
H1135TS477_1 18.4 0.19 0.257 0.323 0.614
H1135TS073_2 22.4 0.27 0.430 0.420 0.164
H1135TS073_4 16.0 0.20 0.409 0.590 0.129
H1135TS494_5 15.0 0.18 0.653 0.331 0.075
H1135TS423_1 9.4 0.11 0.255 0.312 0.374
H1135TS187_1 9.4 0.11 0.255 0.312 0.374
H1135TS187_4 10.2 0.12 0.257 0.313 0.381
H1135TS423_4 10.2 0.12 0.257 0.313 0.381
H1135TS073_3 14.7 0.19 0.419 0.588 0.136
H1135TS073_1 20.0 0.21 0.409 0.236 0.140
H1135TS073_5 20.0 0.21 0.409 0.236 0.140
H1135TS011_3 16.0 0.19 0.576 0.248 0.130
H1135TS462_5 1.2 0.02 0.670 0.186 0.044
H1135TS245_5 3.0 0.04 0.080 0.108 0.456
H1135TS215_1 4.3 0.04 0.080 0.108 0.343
H1135TS245_3 3.2 0.04 0.082 0.107 0.378
H1135TS071_5 4.5 0.04 0.080 0.108 0.342
H1135TS215_3 4.4 0.04 0.080 0.108 0.385
H1135TS071_3 4.6 0.04 0.079 0.108 0.322
H1135TS071_1 4.5 0.04 0.082 0.109 0.349
H1135TS071_4 4.5 0.04 0.081 0.108 0.350
H1135TS071_2 4.6 0.04 0.080 0.108 0.366
H1135TS215_2 4.2 0.04 0.080 0.108 0.346
H1135TS245_4 2.0 0.04 0.079 0.105 0.238
H1135TS245_2 2.5 0.04 0.080 0.105 0.201
H1135TS011_1 1.0 0.02 0.658 0.190 0.014
H1135TS385_1 2.5 0.04 0.080 0.105 0.201
H1135TS037_5 2.5 0.04 0.076 0.099 0.182
H1135TS245_1 1.8 0.04 0.079 0.106 0.229
H1135TS215_5 2.4 0.04 0.077 0.106 0.148
H1135TS433_5 1.2 0.02 0.632 0.237 0.016
H1135TS441_5 1.2 0.02 0.632 0.237 0.016
H1135TS433_2 0.4 0.02 0.658 0.284 0.016
H1135TS433_1 0.4 0.02 0.658 0.284 0.016
H1135TS441_1 0.4 0.02 0.658 0.284 0.016
H1135TS441_2 0.4 0.02 0.658 0.284 0.016
H1135TS433_3 0.4 0.01 0.657 0.296 0.018
H1135TS441_3 0.4 0.01 0.657 0.296 0.018
H1137TS397_1 82.6 0.84 0.821 0.869 0.617
H1137TS439_5 81.4 0.83 0.797 0.749 0.475
H1137TS239_1 81.4 0.83 0.797 0.749 0.475
H1137TS239_5 81.3 0.83 0.797 0.750 0.479
H1137TS035_2 81.7 0.82 0.809 0.796 0.576
H1137TS239_4 81.2 0.83 0.795 0.749 0.475
H1137TS494_1 82.2 0.84 0.802 0.798 0.509
H1137TS239_3 78.6 0.81 0.764 0.728 0.437
H1137TS073_4 79.9 0.82 0.809 0.891 0.566
H1137TS288_4 79.9 0.82 0.809 0.891 0.566
H1137TS073_5 79.1 0.82 0.803 0.882 0.539
H1137TS288_5 79.1 0.82 0.803 0.882 0.539
H1137TS288_3 79.0 0.82 0.807 0.885 0.562
H1137TS073_3 79.0 0.82 0.807 0.885 0.562
H1137TS439_2 79.3 0.80 0.788 0.888 0.549
H1137TS119_4 80.0 0.83 0.785 0.873 0.529
H1137TS239_2 77.0 0.78 0.757 0.671 0.374
H1137TS439_4 78.8 0.80 0.780 0.769 0.444
H1137TS439_1 78.6 0.80 0.781 0.870 0.523
H1137TS257_3 81.5 0.82 0.824 0.880 0.605
H1137TS494_2 79.8 0.81 0.772 0.818 0.497
H1137TS073_2 78.8 0.81 0.811 0.891 0.561
H1137TS288_2 78.8 0.81 0.811 0.891 0.561
H1137TS439_3 78.7 0.80 0.775 0.759 0.414
H1137TS278_5 76.7 0.79 0.706 0.812 0.549
H1137TS248_3 80.0 0.80 0.806 0.905 0.598
H1137TS374_4 79.9 0.81 0.823 0.930 0.654
H1137TS278_1 77.7 0.80 0.725 0.827 0.576
H1137TS288_1 79.0 0.81 0.808 0.914 0.587
H1137TS073_1 79.0 0.81 0.808 0.914 0.587
H1137TS074_1 79.0 0.81 0.808 0.914 0.587
H1137TS119_1 79.3 0.82 0.786 0.874 0.536
H1137TS278_2 77.4 0.79 0.722 0.815 0.567
H1137TS119_3 79.0 0.81 0.784 0.873 0.535
H1137TS278_4 76.2 0.79 0.710 0.747 0.511
H1137TS119_5 78.3 0.81 0.779 0.869 0.533
H1137TS367_1 75.4 0.78 0.769 0.680 0.394
H1137TS003_1 74.9 0.78 0.767 0.681 0.390
H1137TS119_2 77.9 0.80 0.775 0.871 0.527
H1137TS185_1 74.0 0.77 0.751 0.785 0.442
H1137TS035_4 72.3 0.75 0.746 0.793 0.390
H1137TS444_5 79.7 0.81 0.809 0.819 0.534
H1137TS320_2 74.2 0.78 0.678 0.605 0.361
H1137TS444_1 79.7 0.81 0.809 0.817 0.535
H1137TS185_2 73.7 0.76 0.745 0.775 0.432
H1137TS444_3 79.8 0.81 0.809 0.813 0.533
H1137TS035_1 72.1 0.74 0.748 0.770 0.385
H1137TS367_5 78.1 0.80 0.786 0.719 0.429
H1137TS003_4 77.8 0.81 0.787 0.718 0.433
H1137TS185_3 73.3 0.76 0.745 0.783 0.430
H1137TS003_5 74.4 0.77 0.761 0.684 0.390
H1137TS248_5 73.3 0.76 0.748 0.848 0.427
H1137TS035_5 73.3 0.76 0.748 0.848 0.427
H1137TS367_2 74.1 0.77 0.761 0.681 0.383
H1137TS185_4 72.2 0.75 0.742 0.762 0.409
H1137TS367_4 74.4 0.77 0.764 0.689 0.386
H1137TS348_3 78.9 0.79 0.770 0.789 0.579
H1137TS374_5 78.9 0.80 0.823 0.932 0.641
H1137TS185_5 70.9 0.74 0.735 0.755 0.396
H1137TS248_2 73.6 0.77 0.753 0.724 0.426
H1137TS003_2 74.6 0.78 0.765 0.683 0.389
H1137TS374_3 78.9 0.80 0.822 0.930 0.640
H1137TS444_4 79.8 0.81 0.810 0.818 0.535
H1137TS086_1 74.7 0.78 0.764 0.685 0.388
H1137TS158_1 74.5 0.77 0.766 0.684 0.389
H1137TS444_2 79.9 0.81 0.809 0.816 0.531
H1137TS374_1 78.7 0.80 0.819 0.936 0.641
H1137TS248_1 72.7 0.76 0.750 0.804 0.462
H1137TS257_2 76.8 0.78 0.757 0.870 0.479
H1137TS278_3 72.7 0.75 0.686 0.698 0.417
H1137TS086_2 71.8 0.74 0.741 0.682 0.374
H1137TS257_1 76.9 0.78 0.760 0.869 0.482
H1137TS158_2 72.1 0.74 0.741 0.684 0.369
H1137TS180_1 73.0 0.74 0.690 0.605 0.343
H1137TS462_1 73.0 0.74 0.690 0.605 0.343
H1137TS158_5 72.5 0.76 0.754 0.713 0.408
H1137TS086_5 72.1 0.77 0.754 0.718 0.419
H1137TS320_1 71.3 0.75 0.671 0.599 0.353
H1137TS003_3 73.9 0.76 0.774 0.680 0.413
H1137TS248_4 77.6 0.80 0.788 0.893 0.606
H1137TS147_1 73.0 0.75 0.726 0.643 0.371
H1137TS320_4 67.9 0.70 0.642 0.584 0.305
H1137TS367_3 73.0 0.75 0.771 0.680 0.386
H1137TS147_3 72.1 0.76 0.724 0.658 0.366
H1137TS374_2 79.0 0.80 0.824 0.930 0.651
H1137TS147_2 72.5 0.74 0.719 0.645 0.362
H1137TS131_5 70.2 0.71 0.751 0.429 0.291
H1137TS131_1 70.2 0.71 0.751 0.429 0.291
H1137TS131_3 70.2 0.71 0.751 0.429 0.291
H1137TS131_4 67.8 0.69 0.722 0.318 0.211
H1137TS131_2 67.8 0.69 0.722 0.318 0.211
H1137TS147_4 70.5 0.74 0.708 0.644 0.351
H1137TS494_3 70.3 0.74 0.730 0.682 0.372
H1137TS158_4 77.0 0.80 0.779 0.762 0.443
H1137TS320_3 69.6 0.74 0.645 0.597 0.322
H1137TS147_5 71.5 0.74 0.719 0.680 0.380
H1137TS086_4 76.7 0.79 0.776 0.755 0.433
H1137TS348_1 78.2 0.80 0.750 0.797 0.565
H1137TS165_1 69.3 0.74 0.655 0.786 0.342
H1137TS348_2 78.9 0.80 0.752 0.791 0.584
H1137TS165_5 69.0 0.73 0.654 0.786 0.342
H1137TS086_3 71.5 0.75 0.744 0.666 0.372
H1137TS158_3 71.5 0.74 0.744 0.665 0.369
H1137TS035_3 78.3 0.81 0.795 0.881 0.569
H1137TS320_5 65.9 0.69 0.621 0.489 0.310
H1137TS165_3 67.8 0.72 0.646 0.785 0.334
H1137TS390_1 66.2 0.70 0.651 0.592 0.353
H1137TS150_1 66.2 0.70 0.651 0.592 0.353
H1137TS188_5 66.2 0.70 0.651 0.592 0.353
H1137TS169_3 66.2 0.70 0.651 0.592 0.353
H1137TS225_1 66.5 0.70 0.710 0.684 0.344
H1137TS225_4 66.6 0.70 0.709 0.684 0.343
H1137TS434_1 66.1 0.70 0.695 0.683 0.346
H1137TS150_2 64.1 0.66 0.623 0.425 0.319
H1137TS188_4 64.1 0.66 0.623 0.425 0.319
H1137TS169_4 63.9 0.68 0.642 0.311 0.179
H1137TS169_2 64.1 0.66 0.623 0.425 0.319
H1137TS390_2 64.1 0.66 0.623 0.425 0.319
H1137TS227_1 65.7 0.70 0.696 0.683 0.327
H1137TS225_2 64.5 0.66 0.681 0.518 0.301
H1137TS225_5 64.5 0.66 0.682 0.517 0.297
H1137TS462_2 61.8 0.64 0.444 0.159 0.253
H1137TS180_2 61.8 0.64 0.444 0.159 0.253
H1137TS165_2 63.2 0.69 0.616 0.724 0.287
H1137TS180_3 60.9 0.62 0.443 0.152 0.253
H1137TS462_3 60.9 0.62 0.443 0.152 0.253
H1137TS165_4 63.6 0.69 0.620 0.662 0.257
H1137TS462_4 60.7 0.62 0.445 0.158 0.255
H1137TS180_4 60.7 0.62 0.445 0.158 0.255
H1137TS462_5 59.3 0.60 0.433 0.152 0.242
H1137TS180_5 59.3 0.60 0.433 0.152 0.242
H1137TS225_3 60.2 0.66 0.672 0.599 0.307
H1137TS390_3 59.9 0.65 0.612 0.581 0.320
H1137TS150_3 59.9 0.65 0.612 0.581 0.320
H1137TS494_4 54.2 0.55 0.613 0.666 0.280
H1137TS092_1 58.7 0.64 0.638 0.546 0.244
H1137TS037_1 62.2 0.66 0.666 0.581 0.302
H1137TS037_3 53.9 0.61 0.591 0.641 0.234
H1137TS054_5 67.1 0.71 0.677 0.379 0.176
H1137TS125_5 67.1 0.71 0.677 0.379 0.176
H1137TS125_4 61.3 0.66 0.649 0.471 0.145
H1137TS054_4 61.3 0.66 0.649 0.471 0.145
H1137TS054_3 67.1 0.71 0.667 0.562 0.176
H1137TS125_3 67.1 0.71 0.667 0.562 0.176
H1137TS054_1 61.3 0.66 0.644 0.473 0.144
H1137TS125_2 61.3 0.66 0.644 0.473 0.144
H1137TS125_1 61.3 0.66 0.644 0.473 0.144
H1137TS054_2 61.3 0.66 0.644 0.473 0.144
H1137TS477_2 38.9 0.40 0.500 0.256 0.093
H1137TS188_2 64.1 0.66 0.636 0.434 0.289
H1137TS477_1 37.9 0.38 0.475 0.329 0.115
H1137TS390_4 39.9 0.41 0.484 0.171 0.070
H1137TS150_4 39.9 0.41 0.484 0.171 0.070
H1137TS461_1 39.3 0.43 0.379 0.353 0.138
H1137TS188_3 34.1 0.35 0.467 0.248 0.062
H1137TS150_5 34.1 0.35 0.467 0.248 0.062
H1137TS390_5 34.1 0.35 0.467 0.248 0.062
H1137TS169_5 34.1 0.35 0.467 0.248 0.062
H1137TS169_1 34.1 0.35 0.467 0.248 0.062
H1137TS098_2 34.1 0.35 0.467 0.248 0.062
H1137TS360_2 32.1 0.37 0.516 0.383 0.194
H1137TS360_3 32.2 0.37 0.538 0.327 0.189
H1137TS298_2 32.1 0.37 0.516 0.383 0.194
H1137TS298_3 32.2 0.37 0.538 0.327 0.189
H1137TS298_4 28.1 0.34 0.487 0.438 0.197
H1137TS360_4 28.1 0.34 0.487 0.438 0.197
H1137TS360_1 30.0 0.36 0.488 0.377 0.158
H1137TS298_1 30.0 0.36 0.488 0.377 0.158
H1137TS188_1 34.1 0.35 0.435 0.238 0.057
H1137TS071_5 19.8 0.24 0.219 0.190 0.182
H1137TS071_1 20.1 0.20 0.222 0.076 0.195
H1137TS298_5 26.0 0.32 0.493 0.192 0.153
H1137TS360_5 26.0 0.32 0.493 0.192 0.153
H1137TS494_5 19.2 0.19 0.342 0.397 0.343
H1137TS071_4 17.7 0.18 0.208 0.179 0.145
H1137TS071_3 17.5 0.22 0.206 0.144 0.188
H1137TS071_2 16.1 0.17 0.200 0.174 0.161
H1137TS385_1 46.1 0.53 0.393 0.345 0.305
H1137TS245_1 46.1 0.53 0.393 0.345 0.305
H1137TS091_5 14.5 0.36 0.444 0.450 0.094
H1137TS091_1 14.4 0.37 0.442 0.437 0.098
H1137TS091_2 13.7 0.35 0.443 0.443 0.112
H1137TS091_4 11.1 0.34 0.430 0.428 0.083
H1137TS091_3 9.8 0.33 0.429 0.353 0.055
H1137TS037_2 9.4 0.14 0.328 0.333 0.067
H1137TS493_1 7.9 0.12 0.512 0.321 0.082
H1137TS433_1 1.6 0.07 0.351 0.166 0.020
H1137TS441_1 1.6 0.07 0.351 0.166 0.020
H1137TS433_3 1.6 0.12 0.336 0.218 0.018
H1137TS441_3 1.6 0.12 0.336 0.218 0.018
H1137TS433_2 0.9 0.12 0.299 0.186 0.010
H1137TS441_2 0.9 0.12 0.299 0.186 0.010
H1137TS423_1 2.9 0.16 0.238 0.222 0.067
H1137TS098_3 1.8 0.06 0.439 0.245 0.010
H1137TS098_1 1.8 0.06 0.439 0.245 0.010
H1137TS098_4 1.8 0.06 0.439 0.245 0.010
H1137TS098_5 1.8 0.06 0.439 0.245 0.010
H1137TS187_1 2.9 0.16 0.238 0.222 0.067
H1137TS234_1 0.1 0.00 0.159 0.098 0.013
H1137TS234_4 0.0 0.00 0.159 0.107 0.013
H1137TS234_3 0.0 0.00 0.159 0.102 0.016
H1137TS234_5 0.0 0.00 0.159 0.104 0.015
T1174TS350_4o 89.4 0.91 0.851 0.472 0.414
T1174TS291_4o 89.4 0.91 0.851 0.472 0.414
T1174TS291_5o 88.4 0.90 0.843 0.467 0.422
T1174TS350_5o 88.4 0.90 0.843 0.467 0.422
T1174TS248_3o 89.8 0.89 0.861 0.446 0.434
T1174TS035_3o 89.8 0.89 0.861 0.446 0.434
T1174TS278_1o 88.9 0.90 0.877 0.470 0.392
T1174TS158_4o 86.9 0.86 0.834 0.742 0.398
T1174TS086_2o 86.9 0.86 0.834 0.742 0.398
T1174TS298_2o 87.2 0.87 0.828 0.724 0.371
T1174TS360_3o 87.2 0.87 0.828 0.724 0.371
T1174TS035_1o 87.1 0.86 0.829 0.737 0.390
T1174TS248_1o 87.1 0.86 0.829 0.737 0.390
T1174TS446_1o 86.2 0.86 0.830 0.444 0.401
T1174TS119_1o 86.2 0.86 0.830 0.444 0.401
T1174TS461_1o 86.2 0.86 0.830 0.444 0.401
T1174TS360_2o 86.2 0.86 0.830 0.444 0.401
T1174TS229_1o 85.4 0.85 0.808 0.443 0.401
T1174TS239_1o 85.4 0.85 0.808 0.443 0.401
T1174TS119_2o 85.6 0.86 0.815 0.748 0.405
T1174TS439_1o 85.4 0.85 0.806 0.440 0.397
T1174TS348_5o 86.3 0.85 0.823 0.737 0.387
T1174TS158_2o 85.6 0.85 0.816 0.729 0.377
T1174TS003_4o 85.6 0.85 0.816 0.729 0.377
T1174TS367_1o 85.6 0.85 0.816 0.729 0.377
T1174TS086_5o 85.6 0.85 0.816 0.729 0.377
T1174TS133_3o 85.4 0.84 0.809 0.733 0.386
T1174TS086_1o 85.5 0.85 0.815 0.448 0.380
T1174TS360_1o 84.8 0.84 0.816 0.463 0.371
T1174TS158_1o 85.5 0.85 0.815 0.448 0.380
T1174TS367_4o 85.5 0.85 0.815 0.448 0.380
T1174TS003_2o 85.5 0.85 0.815 0.448 0.380
T1174TS227_3o 85.4 0.84 0.809 0.733 0.386
T1174TS320_1o 85.2 0.85 0.808 0.743 0.396
T1174TS494_1o 86.1 0.86 0.859 0.734 0.398
T1174TS494_2o 85.7 0.85 0.857 0.451 0.396
T1174TS348_1o 85.1 0.86 0.815 0.735 0.383
T1174TS367_2o 85.3 0.85 0.809 0.449 0.385
T1174TS074_1o 85.4 0.86 0.847 0.886 0.578
T1174TS288_1o 85.2 0.86 0.846 0.471 0.576
T1174TS227_1o 84.9 0.85 0.812 0.445 0.377
T1174TS133_2o 85.1 0.84 0.815 0.454 0.373
T1174TS133_1o 84.9 0.85 0.812 0.445 0.377
T1174TS003_3o 85.7 0.85 0.832 0.451 0.377
T1174TS227_2o 85.1 0.84 0.815 0.454 0.373
T1174TS071_3o 85.6 0.86 0.781 0.455 0.373
T1174TS003_1o 84.8 0.84 0.810 0.731 0.381
T1174TS367_3o 84.8 0.84 0.810 0.731 0.381
T1174TS205_5o 83.6 0.85 0.787 0.733 0.381
T1174TS158_5o 85.4 0.87 0.823 0.439 0.358
T1174TS348_3o 84.1 0.84 0.805 0.453 0.368
T1174TS439_4o 85.2 0.85 0.830 0.452 0.401
T1174TS367_5o 83.4 0.84 0.804 0.448 0.368
T1174TS360_5o 84.9 0.85 0.845 0.446 0.393
T1174TS461_2o 84.9 0.85 0.845 0.446 0.393
T1174TS119_5o 84.9 0.85 0.845 0.446 0.393
T1174TS446_2o 84.9 0.85 0.845 0.446 0.393
T1174TS185_1o 85.5 0.85 0.838 0.447 0.398
T1174TS037_1o 82.9 0.83 0.786 0.446 0.384
T1174TS071_1o 83.2 0.83 0.778 0.451 0.352
T1174TS439_2o 83.6 0.83 0.797 0.440 0.403
T1174TS229_2o 83.6 0.83 0.797 0.440 0.403
T1174TS239_2o 83.6 0.83 0.797 0.440 0.403
T1174TS185_4o 83.1 0.81 0.804 0.444 0.393
T1174TS073_1o 80.8 0.82 0.759 0.459 0.457
T1174TS348_2o 79.8 0.84 0.723 0.746 0.381
T1174TS390_1o 79.8 0.84 0.723 0.746 0.381
T1174TS150_2o 80.4 0.84 0.719 0.445 0.382
T1174TS350_2o 81.9 0.82 0.745 0.692 0.312
T1174TS291_2o 81.9 0.82 0.745 0.692 0.312
T1174TS147_1o 77.8 0.82 0.706 0.459 0.472
T1174TS298_5o 81.4 0.80 0.744 0.385 0.399
T1174TS180_1o 79.8 0.83 0.697 0.439 0.342
T1174TS227_4o 79.2 0.84 0.752 0.737 0.373
T1174TS133_4o 79.2 0.84 0.752 0.737 0.373
T1174TS086_4o 79.6 0.81 0.746 0.727 0.362
T1174TS180_2o 80.0 0.83 0.698 0.724 0.349
T1174TS180_4o 79.7 0.84 0.695 0.725 0.352
T1174TS180_3o 79.7 0.83 0.676 0.441 0.353
T1174TS493_1o 78.8 0.82 0.685 0.448 0.368
T1174TS390_2o 80.3 0.84 0.706 0.726 0.355
T1174TS180_5o 78.5 0.82 0.685 0.442 0.353
T1174TS348_4o 80.3 0.84 0.706 0.726 0.355
T1174TS360_4o 80.3 0.84 0.706 0.726 0.355
T1174TS444_3o 78.8 0.81 0.678 0.440 0.338
T1174TS035_4o 82.2 0.83 0.793 0.698 0.316
T1174TS248_4o 82.2 0.83 0.793 0.698 0.316
T1174TS150_3o 80.0 0.84 0.703 0.726 0.354
T1174TS147_2o 76.1 0.80 0.677 0.456 0.372
T1174TS187_5o 79.4 0.83 0.701 0.761 0.401
T1174TS494_4o 80.5 0.83 0.773 0.432 0.321
T1174TS493_2o 78.1 0.81 0.659 0.684 0.317
T1174TS374_4o 80.7 0.79 0.712 0.673 0.292
T1174TS390_5o 81.3 0.76 0.639 0.666 0.283
T1174TS037_2o 79.2 0.81 0.769 0.433 0.314
T1174TS165_1o 76.5 0.75 0.659 0.440 0.325
T1174TS434_1o 77.5 0.81 0.738 0.440 0.314
T1174TS398_1o 76.5 0.75 0.659 0.440 0.325
T1174TS011_1o 77.5 0.81 0.738 0.440 0.314
T1174TS494_5o 78.7 0.82 0.742 0.440 0.322
T1174TS086_3o 78.5 0.83 0.759 0.427 0.343
T1174TS003_5o 78.5 0.83 0.759 0.427 0.343
T1174TS158_3o 78.5 0.83 0.759 0.427 0.343
T1174TS205_3o 77.7 0.82 0.746 0.435 0.524
T1174TS165_2o 71.9 0.78 0.585 0.444 0.327
T1174TS398_2o 71.9 0.78 0.585 0.444 0.327
T1174TS011_3o 80.2 0.77 0.614 0.686 0.287
T1174TS133_5o 79.3 0.81 0.749 0.697 0.326
T1174TS227_5o 79.3 0.81 0.749 0.697 0.326
T1174TS434_3o 80.2 0.77 0.614 0.686 0.287
T1174TS447_5o 77.0 0.80 0.759 0.445 0.303
T1174TS298_3o 80.0 0.81 0.778 0.426 0.300
T1174TS447_1o 77.2 0.80 0.760 0.443 0.303
T1174TS447_2o 77.4 0.81 0.760 0.443 0.303
T1174TS447_3o 77.2 0.81 0.760 0.444 0.304
T1174TS447_4o 77.2 0.81 0.759 0.444 0.304
T1174TS278_2o 81.7 0.82 0.799 0.594 0.320
T1174TS245_1o 78.7 0.80 0.747 0.420 0.321
T1174TS390_3o 78.7 0.79 0.747 0.420 0.320
T1174TS385_1o 78.7 0.80 0.747 0.420 0.321
T1174TS150_4o 77.2 0.80 0.741 0.698 0.317
T1174TS229_5o 78.5 0.73 0.755 0.743 0.356
T1174TS239_5o 78.5 0.73 0.755 0.743 0.356
T1174TS439_5o 78.5 0.73 0.755 0.743 0.356
T1174TS444_4o 76.8 0.83 0.715 0.713 0.313
T1174TS493_3o 77.4 0.77 0.719 0.427 0.312
T1174TS125_5o 80.3 0.76 0.762 0.728 0.325
T1174TS054_5o 80.3 0.76 0.762 0.728 0.325
T1174TS399_5o 80.3 0.76 0.762 0.728 0.325
T1174TS205_2o 77.8 0.74 0.757 0.770 0.331
T1174TS398_3o 72.4 0.71 0.679 0.411 0.275
T1174TS071_5o 77.9 0.80 0.714 0.696 0.312
T1174TS444_2o 76.5 0.83 0.716 0.714 0.314
T1174TS165_4o 72.4 0.71 0.679 0.411 0.275
T1174TS229_3o 76.9 0.78 0.746 0.682 0.299
T1174TS439_3o 76.9 0.78 0.746 0.682 0.299
T1174TS239_3o 76.9 0.78 0.746 0.682 0.299
T1174TS399_1o 79.0 0.78 0.726 0.587 0.308
T1174TS125_1o 79.0 0.78 0.726 0.587 0.308
T1174TS054_1o 79.0 0.78 0.726 0.587 0.308
T1174TS434_4o 77.6 0.77 0.727 0.464 0.331
T1174TS011_4o 77.6 0.77 0.727 0.464 0.331
T1174TS374_1o 78.9 0.82 0.706 0.707 0.312
T1174TS298_1o 78.9 0.79 0.742 0.583 0.303
T1174TS278_3o 77.3 0.78 0.802 0.484 0.320
T1174TS434_2o 78.3 0.75 0.750 0.739 0.354
T1174TS011_2o 78.3 0.75 0.750 0.739 0.354
T1174TS398_4o 70.1 0.77 0.653 0.415 0.275
T1174TS165_5o 70.1 0.77 0.653 0.415 0.275
T1174TS477_1o 74.0 0.74 0.736 0.694 0.332
T1174TS071_2o 77.1 0.76 0.703 0.578 0.298
T1174TS398_5o 68.8 0.68 0.476 0.343 0.242
T1174TS098_1o 77.8 0.75 0.786 0.741 0.342
T1174TS169_1o 77.8 0.75 0.786 0.741 0.342
T1174TS071_4o 75.4 0.76 0.688 0.434 0.291
T1174TS119_3o 73.7 0.73 0.719 0.449 0.334
T1174TS119_4o 73.1 0.73 0.730 0.448 0.334
T1174TS462_1o 72.8 0.72 0.728 0.617 0.332
T1174TS462_2o 72.4 0.72 0.721 0.627 0.330
T1174TS320_2o 74.2 0.78 0.720 0.581 0.332
T1174TS185_3o 73.5 0.72 0.736 0.457 0.328
T1174TS165_3o 69.7 0.69 0.542 0.344 0.264
T1174TS185_2o 72.6 0.72 0.730 0.453 0.327
T1174TS037_5o 74.3 0.72 0.746 0.714 0.340
T1174TS461_3o 71.9 0.70 0.735 0.600 0.328
T1174TS446_3o 71.9 0.70 0.735 0.600 0.328
T1174TS390_4o 72.2 0.76 0.671 0.618 0.325
T1174TS150_1o 72.1 0.76 0.671 0.619 0.324
T1174TS185_5o 71.3 0.69 0.727 0.442 0.325
T1174TS229_4o 71.8 0.72 0.724 0.439 0.330
T1174TS239_4o 71.8 0.72 0.724 0.439 0.330
T1174TS461_4o 70.8 0.70 0.723 0.607 0.324
T1174TS446_4o 70.8 0.70 0.723 0.607 0.324
T1174TS444_1o 73.9 0.75 0.695 0.543 0.272
T1174TS278_4o 71.2 0.70 0.715 0.608 0.318
T1174TS444_5o 72.9 0.75 0.684 0.543 0.268
T1174TS399_2o 71.3 0.76 0.675 0.605 0.311
T1174TS125_2o 71.3 0.76 0.675 0.605 0.311
T1174TS054_2o 71.3 0.76 0.675 0.605 0.311
T1174TS205_1o 72.5 0.76 0.687 0.415 0.286
T1174TS494_3o 72.1 0.75 0.682 0.584 0.279
T1174TS291_3o 70.1 0.74 0.655 0.558 0.269
T1174TS350_3o 70.1 0.74 0.655 0.558 0.269
T1174TS054_3o 75.0 0.70 0.600 0.686 0.306
T1174TS125_3o 75.0 0.70 0.600 0.686 0.306
T1174TS399_3o 75.0 0.70 0.600 0.686 0.306
T1174TS225_1o 69.7 0.74 0.700 0.466 0.275
T1174TS320_3o 71.3 0.67 0.701 0.618 0.288
T1174TS248_5o 74.1 0.66 0.531 0.359 0.266
T1174TS035_5o 74.1 0.66 0.531 0.359 0.266
T1174TS150_5o 70.2 0.69 0.512 0.389 0.236
T1174TS423_3o 65.3 0.66 0.679 0.451 0.266
T1174TS187_3o 65.3 0.66 0.679 0.451 0.266
T1174TS278_5o 66.7 0.69 0.685 0.535 0.278
T1174TS434_5o 70.5 0.66 0.643 0.557 0.266
T1174TS320_5o 70.0 0.68 0.683 0.609 0.293
T1174TS011_5o 70.5 0.66 0.643 0.557 0.266
T1174TS188_1o 67.3 0.69 0.683 0.422 0.273
T1174TS169_4o 67.3 0.69 0.683 0.422 0.273
T1174TS374_2o 66.2 0.71 0.694 0.432 0.290
T1174TS037_4o 66.5 0.67 0.669 0.536 0.280
T1174TS037_3o 65.7 0.69 0.683 0.586 0.279
T1174TS147_5o 65.6 0.67 0.529 0.412 0.233
T1174TS225_2o 65.5 0.67 0.695 0.442 0.274
T1174TS462_5o 63.4 0.60 0.673 0.590 0.242
T1174TS462_4o 63.8 0.61 0.676 0.588 0.247
T1174TS462_3o 64.3 0.60 0.676 0.573 0.243
T1174TS091_5o 63.4 0.65 0.534 0.321 0.258
T1174TS091_4o 62.1 0.71 0.561 0.317 0.236
T1174TS493_4o 66.3 0.67 0.614 0.407 0.264
T1174TS147_3o 67.4 0.67 0.573 0.540 0.271
T1174TS073_2o 64.2 0.65 0.565 0.568 0.250
T1174TS288_2o 64.2 0.65 0.565 0.568 0.250
T1174TS074_2o 63.9 0.65 0.564 0.568 0.250
T1174TS423_5o 62.9 0.59 0.483 0.484 0.201
T1174TS074_3o 63.6 0.65 0.702 0.453 0.284
T1174TS288_3o 63.3 0.67 0.701 0.662 0.282
T1174TS423_2o 62.4 0.59 0.504 0.563 0.247
T1174TS187_2o 62.4 0.59 0.504 0.563 0.247
T1174TS073_4o 60.0 0.64 0.677 0.448 0.268
T1174TS288_4o 60.0 0.64 0.677 0.448 0.268
T1174TS074_4o 60.6 0.64 0.677 0.645 0.272
T1174TS074_5o 57.6 0.56 0.639 0.583 0.216
T1174TS073_5o 57.7 0.57 0.641 0.583 0.217
T1174TS288_5o 57.7 0.57 0.641 0.583 0.217
T1174TS073_3o 58.2 0.63 0.607 0.454 0.237
T1174TS399_4o 57.7 0.67 0.574 0.643 0.273
T1174TS291_1o 58.7 0.59 0.651 0.433 0.240
T1174TS054_4o 57.7 0.67 0.574 0.643 0.273
T1174TS125_4o 57.7 0.67 0.574 0.643 0.273
T1174TS350_1o 58.7 0.59 0.651 0.433 0.240
T1174TS091_2o 56.0 0.62 0.565 0.269 0.216
T1174TS169_3o 58.1 0.69 0.684 0.542 0.258
T1174TS098_2o 58.1 0.69 0.684 0.542 0.258
T1174TS298_4o 57.0 0.67 0.690 0.520 0.258
T1174TS091_3o 55.7 0.64 0.548 0.313 0.219
T1174TS188_4o 58.1 0.64 0.629 0.564 0.215
T1174TS169_2o 58.1 0.64 0.629 0.564 0.215
T1174TS205_4o 57.1 0.63 0.623 0.657 0.256
T1174TS446_5o 52.7 0.52 0.621 0.603 0.206
T1174TS461_5o 52.7 0.52 0.621 0.603 0.206
T1174TS131_1o 58.1 0.55 0.451 0.350 0.198
T1174TS423_1o 51.8 0.61 0.644 0.520 0.203
T1174TS187_1o 51.8 0.61 0.644 0.520 0.203
T1174TS131_4o 57.4 0.54 0.455 0.378 0.204
T1174TS131_2o 53.7 0.57 0.442 0.538 0.193
T1174TS188_2o 51.7 0.54 0.490 0.335 0.170
T1174TS147_4o 50.3 0.64 0.613 0.549 0.203
T1174TS374_5o 53.8 0.53 0.450 0.533 0.190
T1174TS091_1o 48.9 0.57 0.517 0.364 0.199
T1174TS374_3o 49.4 0.56 0.506 0.526 0.190
T1174TS131_3o 53.8 0.51 0.445 0.560 0.200
T1174TS131_5o 51.9 0.55 0.440 0.548 0.200
T1174TS187_4o 46.9 0.55 0.419 0.518 0.175
T1174TS423_4o 46.9 0.55 0.419 0.518 0.175
T1174TS248_2o 42.3 0.57 0.348 0.579 0.234
T1174TS035_2o 42.3 0.57 0.348 0.579 0.234
T1174TS493_5o 47.9 0.59 0.464 0.609 0.227
T1174TS225_4o 46.0 0.54 0.486 0.552 0.218
T1174TS169_5o 44.3 0.54 0.532 0.418 0.192
T1174TS098_3o 44.3 0.54 0.532 0.418 0.192
T1174TS188_3o 44.3 0.54 0.532 0.418 0.192
T1174TS433_5o 48.0 0.37 0.406 0.331 0.131
T1174TS441_5o 48.0 0.37 0.406 0.331 0.131
T1174TS225_5o 43.1 0.50 0.498 0.381 0.206
T1174TS188_5o 37.8 0.55 0.433 0.494 0.162
T1174TS312_4o 0.0 0.06 0.363 0.249 0.004
T1174TS098_5o 0.0 0.08 0.362 0.320 0.007
T1174TS312_2o 0.0 0.10 0.353 0.293 0.002
T1174TS441_1o 0.1 0.02 0.246 0.227 0.007
T1174TS312_5o 0.0 0.08 0.357 0.293 0.002
T1174TS433_1o 0.1 0.02 0.246 0.227 0.007
T1174TS433_4o 0.0 0.01 0.254 0.269 0.007
T1174TS441_4o 0.0 0.01 0.254 0.269 0.007
T1174TS312_3o 0.0 0.06 0.355 0.294 0.003
T1174TS312_1o 0.0 0.06 0.356 0.288 0.002
T1174TS098_4o 0.0 0.08 0.382 0.267 0.004
T1174TS433_2o 0.0 0.00 0.263 0.275 0.010
T1174TS441_2o 0.0 0.00 0.263 0.275 0.010
T1192TS439_4o 75.0 0.69 0.792 0.822 0.723
T1192TS239_4o 75.0 0.69 0.792 0.822 0.723
T1192TS229_4o 75.0 0.69 0.792 0.822 0.723
T1192TS494_5o 74.2 0.67 0.727 0.780 0.713
T1192TS462_5o 56.6 0.54 0.697 0.834 0.442
T1192TS477_1o 70.1 0.61 0.785 0.830 0.682
T1192TS180_5o 60.2 0.55 0.729 0.836 0.469
T1192TS462_2o 65.2 0.57 0.768 0.839 0.512
T1192TS494_4o 68.1 0.61 0.803 0.848 0.538
T1192TS462_1o 66.4 0.57 0.779 0.834 0.526
T1192TS098_3o 66.4 0.57 0.779 0.834 0.526
T1192TS462_4o 67.1 0.57 0.776 0.843 0.523
T1192TS462_3o 67.0 0.57 0.773 0.839 0.520
T1192TS180_2o 65.6 0.57 0.766 0.840 0.509
T1192TS446_3o 56.3 0.49 0.649 0.504 0.872
T1192TS180_4o 66.4 0.57 0.778 0.834 0.523
T1192TS180_3o 66.5 0.57 0.771 0.841 0.517
T1192TS180_1o 65.9 0.58 0.772 0.842 0.519
T1192TS131_1o 51.6 0.45 0.572 0.343 0.888
T1192TS446_4o 54.8 0.46 0.647 0.423 0.861
T1192TS131_4o 49.1 0.42 0.569 0.373 0.892
T1192TS390_3o 49.2 0.43 0.567 0.275 0.851
T1192TS446_1o 50.5 0.45 0.584 0.486 0.653
T1192TS278_3o 61.8 0.57 0.781 0.846 0.522
T1192TS390_2o 49.1 0.40 0.573 0.222 0.886
T1192TS131_2o 50.3 0.43 0.574 0.229 0.895
T1192TS071_1o 61.6 0.54 0.746 0.595 0.459
T1192TS131_5o 49.2 0.43 0.571 0.386 0.870
T1192TS320_5o 73.1 0.65 0.853 0.876 0.837
T1192TS131_3o 49.1 0.43 0.564 0.301 0.870
T1192TS320_4o 71.8 0.64 0.852 0.880 0.835
T1192TS239_3o 72.1 0.65 0.848 0.874 0.837
T1192TS229_3o 72.1 0.65 0.848 0.874 0.837
T1192TS439_1o 72.1 0.65 0.848 0.874 0.837
T1192TS278_4o 71.5 0.64 0.839 0.879 0.816
T1192TS298_3o 67.1 0.59 0.820 0.883 0.750
T1192TS360_5o 67.1 0.59 0.820 0.883 0.750
T1192TS494_3o 69.7 0.62 0.813 0.869 0.791
T1192TS278_1o 72.0 0.65 0.838 0.876 0.816
T1192TS239_2o 70.6 0.62 0.842 0.877 0.827
T1192TS229_2o 70.6 0.62 0.842 0.877 0.827
T1192TS439_2o 70.6 0.62 0.842 0.877 0.827
T1192TS348_1o 69.3 0.61 0.844 0.880 0.824
T1192TS494_1o 70.5 0.62 0.850 0.876 0.838
T1192TS446_2o 41.6 0.38 0.576 0.477 0.556
T1192TS398_3o 44.9 0.48 0.651 0.851 0.492
T1192TS071_2o 65.2 0.57 0.791 0.360 0.471
T1192TS320_3o 70.2 0.60 0.849 0.879 0.832
T1192TS239_1o 70.2 0.61 0.850 0.882 0.838
T1192TS158_3o 70.3 0.61 0.843 0.881 0.826
T1192TS320_1o 69.8 0.62 0.844 0.884 0.817
T1192TS229_1o 70.2 0.61 0.850 0.882 0.838
T1192TS086_3o 70.3 0.61 0.844 0.881 0.825
T1192TS390_1o 69.8 0.62 0.844 0.884 0.817
T1192TS439_3o 70.2 0.61 0.850 0.882 0.838
T1192TS239_5o 70.6 0.60 0.849 0.875 0.835
T1192TS229_5o 70.6 0.60 0.849 0.875 0.835
T1192TS439_5o 70.6 0.60 0.849 0.875 0.835
T1192TS494_2o 69.3 0.62 0.843 0.893 0.819
T1192TS350_2o 71.3 0.63 0.841 0.875 0.834
T1192TS320_2o 69.9 0.60 0.855 0.880 0.843
T1192TS291_2o 71.3 0.63 0.841 0.875 0.834
T1192TS350_1o 70.9 0.63 0.841 0.875 0.832
T1192TS291_5o 71.5 0.64 0.841 0.877 0.834
T1192TS147_1o 72.7 0.66 0.835 0.951 0.846
T1192TS291_1o 70.9 0.63 0.841 0.875 0.832
T1192TS350_5o 71.5 0.64 0.841 0.877 0.834
T1192TS374_5o 66.1 0.57 0.817 0.603 0.764
T1192TS374_4o 67.8 0.59 0.831 0.358 0.802
T1192TS350_3o 71.0 0.62 0.840 0.875 0.833
T1192TS291_3o 71.0 0.62 0.840 0.875 0.833
T1192TS037_5o 69.6 0.63 0.840 0.553 0.811
T1192TS003_1o 69.6 0.61 0.851 0.883 0.831
T1192TS367_1o 69.6 0.61 0.851 0.883 0.831
T1192TS158_5o 69.3 0.61 0.845 0.885 0.820
T1192TS086_5o 69.3 0.61 0.845 0.885 0.820
T1192TS003_4o 69.3 0.61 0.845 0.885 0.820
T1192TS367_4o 69.3 0.61 0.845 0.885 0.820
T1192TS003_3o 69.7 0.61 0.850 0.883 0.832
T1192TS367_3o 69.7 0.61 0.850 0.883 0.832
T1192TS374_1o 68.1 0.58 0.845 0.884 0.820
T1192TS037_2o 70.5 0.63 0.840 0.821 0.813
T1192TS348_5o 68.2 0.59 0.845 0.884 0.829
T1192TS348_3o 68.4 0.59 0.846 0.883 0.828
T1192TS158_2o 69.3 0.60 0.847 0.882 0.830
T1192TS003_2o 68.8 0.60 0.847 0.881 0.830
T1192TS367_2o 68.8 0.60 0.847 0.881 0.830
T1192TS086_2o 69.3 0.60 0.847 0.882 0.830
T1192TS348_2o 69.4 0.60 0.846 0.877 0.827
T1192TS037_1o 68.1 0.62 0.834 0.662 0.805
T1192TS398_4o 54.6 0.47 0.552 0.812 0.763
T1192TS073_5o 66.0 0.54 0.846 0.893 0.823
T1192TS390_4o 37.5 0.35 0.523 0.496 0.587
T1192TS037_3o 68.3 0.59 0.841 0.834 0.813
T1192TS291_4o 69.0 0.60 0.841 0.876 0.834
T1192TS350_4o 69.0 0.60 0.841 0.876 0.834
T1192TS348_4o 67.9 0.59 0.845 0.885 0.829
T1192TS037_4o 69.6 0.62 0.838 0.533 0.815
T1192TS374_2o 68.3 0.60 0.844 0.758 0.818
T1192TS360_1o 60.6 0.52 0.758 0.892 0.681
T1192TS298_5o 60.6 0.52 0.758 0.892 0.681
T1192TS205_5o 64.3 0.53 0.806 0.840 0.782
T1192TS003_5o 68.1 0.59 0.844 0.491 0.818
T1192TS073_3o 63.6 0.53 0.840 0.877 0.818
T1192TS086_4o 68.1 0.59 0.844 0.491 0.818
T1192TS158_4o 68.1 0.59 0.844 0.491 0.818
T1192TS367_5o 68.1 0.59 0.844 0.491 0.818
T1192TS073_4o 65.6 0.53 0.848 0.879 0.829
T1192TS119_5o 65.6 0.53 0.839 0.877 0.836
T1192TS073_2o 65.7 0.53 0.847 0.878 0.827
T1192TS119_2o 64.8 0.52 0.841 0.877 0.814
T1192TS074_2o 65.6 0.53 0.844 0.878 0.826
T1192TS119_4o 65.2 0.53 0.840 0.882 0.833
T1192TS119_1o 65.1 0.52 0.839 0.876 0.821
T1192TS165_2o 54.0 0.46 0.551 0.832 0.739
T1192TS278_5o 68.7 0.59 0.853 0.876 0.837
T1192TS390_5o 42.7 0.38 0.513 0.338 0.591
T1192TS119_3o 65.1 0.53 0.841 0.883 0.836
T1192TS185_3o 60.1 0.51 0.806 0.872 0.764
T1192TS446_5o 40.1 0.36 0.559 0.393 0.439
T1192TS185_4o 60.5 0.52 0.800 0.871 0.759
T1192TS205_2o 62.9 0.52 0.825 0.883 0.783
T1192TS071_5o 34.9 0.32 0.643 0.265 0.234
T1192TS074_1o 62.5 0.52 0.844 0.880 0.829
T1192TS288_4o 62.2 0.52 0.848 0.880 0.829
T1192TS073_1o 62.2 0.52 0.848 0.880 0.829
T1192TS288_5o 62.2 0.52 0.848 0.880 0.829
T1192TS086_1o 66.9 0.56 0.845 0.841 0.829
T1192TS158_1o 66.9 0.56 0.845 0.841 0.829
T1192TS150_1o 61.8 0.52 0.840 0.878 0.818
T1192TS165_5o 51.8 0.46 0.586 0.825 0.709
T1192TS248_2o 19.9 0.24 0.624 0.856 0.421
T1192TS035_2o 19.9 0.24 0.624 0.856 0.421
T1192TS374_3o 64.7 0.57 0.841 0.700 0.814
T1192TS398_1o 28.2 0.41 0.622 0.819 0.347
T1192TS205_1o 59.6 0.49 0.806 0.853 0.802
T1192TS150_3o 60.4 0.50 0.820 0.879 0.764
T1192TS185_5o 61.2 0.54 0.815 0.871 0.766
T1192TS165_3o 45.1 0.47 0.573 0.862 0.613
T1192TS205_4o 59.3 0.47 0.816 0.868 0.816
T1192TS185_2o 61.6 0.55 0.812 0.869 0.768
T1192TS185_1o 53.8 0.48 0.793 0.871 0.753
T1192TS298_1o 56.9 0.45 0.840 0.875 0.790
T1192TS360_2o 56.9 0.45 0.840 0.875 0.790
T1192TS035_1o 18.7 0.21 0.642 0.862 0.432
T1192TS248_1o 18.7 0.21 0.642 0.862 0.432
T1192TS035_3o 18.7 0.22 0.639 0.858 0.426
T1192TS248_3o 18.7 0.22 0.639 0.858 0.426
T1192TS165_1o 43.6 0.44 0.627 0.856 0.620
T1192TS071_4o 33.1 0.31 0.624 0.369 0.224
T1192TS205_3o 55.2 0.43 0.788 0.880 0.784
T1192TS165_4o 27.9 0.39 0.622 0.790 0.321
T1192TS398_5o 28.2 0.39 0.621 0.795 0.322
T1192TS248_4o 25.8 0.27 0.670 0.880 0.504
T1192TS035_4o 25.8 0.27 0.670 0.880 0.504
T1192TS360_4o 47.8 0.44 0.799 0.852 0.782
T1192TS298_2o 47.8 0.44 0.799 0.852 0.782
T1192TS398_2o 23.2 0.36 0.549 0.713 0.274
T1192TS248_5o 60.1 0.56 0.674 0.783 0.458
T1192TS150_5o 52.7 0.45 0.837 0.876 0.798
T1192TS035_5o 60.1 0.56 0.674 0.783 0.458
T1192TS187_3o 14.4 0.13 0.203 0.153 0.870
T1192TS187_4o 14.2 0.13 0.203 0.146 0.863
T1192TS187_5o 14.2 0.13 0.202 0.153 0.867
T1192TS444_4o 38.8 0.28 0.794 0.888 0.788
T1192TS187_1o 13.1 0.12 0.202 0.146 0.841
T1192TS187_2o 13.4 0.13 0.202 0.153 0.840
T1192TS444_1o 38.9 0.28 0.792 0.886 0.803
T1192TS444_5o 37.3 0.27 0.786 0.888 0.766
T1192TS423_1o 13.4 0.12 0.203 0.154 0.838
T1192TS444_2o 37.2 0.27 0.787 0.876 0.792
T1192TS150_4o 38.3 0.39 0.774 0.885 0.713
T1192TS150_2o 35.6 0.29 0.774 0.879 0.788
T1192TS360_3o 28.4 0.29 0.482 0.883 0.724
T1192TS298_4o 28.4 0.29 0.482 0.883 0.724
T1192TS444_3o 27.7 0.22 0.742 0.875 0.665
T1192TS098_2o 25.2 0.24 0.378 0.880 0.742
T1192TS098_4o 25.2 0.24 0.378 0.880 0.742
T1192TS278_2o 1.1 0.11 0.570 0.455 0.136
T1192TS188_2o 10.2 0.18 0.380 0.695 0.235
T1192TS188_5o 10.2 0.18 0.380 0.695 0.235
T1192TS188_4o 10.2 0.18 0.380 0.695 0.235
T1192TS169_1o 10.2 0.18 0.380 0.695 0.235
T1192TS169_2o 10.2 0.18 0.380 0.695 0.235
T1192TS169_3o 10.2 0.18 0.380 0.695 0.235
T1192TS098_5o 23.0 0.22 0.287 0.881 0.732
T1192TS169_4o 10.2 0.18 0.380 0.695 0.235
T1192TS098_1o 23.0 0.22 0.287 0.881 0.732
T1192TS188_3o 10.2 0.18 0.380 0.695 0.235
T1192TS423_3o 0.1 0.00 0.161 0.146 0.108
T1192TS169_5o 0.8 0.13 0.185 0.594 0.083
T1192TS188_1o 0.8 0.13 0.185 0.594 0.083
T1192TS447_2o 0.0 0.00 0.475 0.180 0.051
T1192TS447_5o 0.0 0.01 0.487 0.239 0.047
T1192TS447_3o 0.0 0.00 0.479 0.259 0.046
T1192TS447_4o 0.0 0.01 0.487 0.239 0.047
T1192TS447_1o 0.0 0.00 0.480 0.251 0.046
T1192TS423_5o 0.4 0.00 0.155 0.147 0.873
T1192TS423_4o 0.1 0.00 0.157 0.153 0.910
T1192TS125_4o 0.0 0.04 0.451 0.166 0.005
T1192TS399_3o 0.0 0.03 0.528 0.181 0.005
T1192TS054_4o 0.0 0.04 0.451 0.166 0.005
T1192TS399_5o 0.0 0.08 0.493 0.164 0.007
T1192TS399_1o 0.0 0.08 0.548 0.157 0.005
T1192TS125_2o 0.0 0.04 0.538 0.211 0.010
T1192TS423_2o 0.0 0.00 0.159 0.188 0.005
T1192TS054_5o 0.0 0.08 0.493 0.164 0.007
T1192TS399_4o 0.0 0.04 0.451 0.166 0.005
T1192TS125_5o 0.0 0.08 0.493 0.164 0.007
T1192TS054_2o 0.0 0.04 0.538 0.211 0.010
T1192TS054_3o 0.0 0.03 0.528 0.181 0.005
T1192TS125_1o 0.0 0.08 0.548 0.157 0.005
T1192TS125_3o 0.0 0.03 0.528 0.181 0.005
T1192TS054_1o 0.0 0.08 0.548 0.157 0.005
T1192TS399_2o 0.0 0.04 0.538 0.211 0.010
